0 1 
21 72 
21 94 
25 102 
42 119 
62 127 
81 132 
104 128 
127 126 
145 123 
161 124 
189 125 
211 126 
245 128 
256 123 
279 120 
310 113 
337 111 
352 113 
391 116 
414 119 
432 122 
456 121 
478 124 
512 121 
526 124 
542 127 
594 132 
595 157 
577 165 
546 165 
514 173 
493 171 
472 168 
441 177 
399 165 
382 171 
357 173 
304 167 
282 171 
235 175 
224 168 
189 168 
133 177 
112 165 
89 169 
57 172 
41 170 
246 317 
286 308 
306 305 
317 283 
320 264 
339 261 
366 265 
379 263 
393 273 
405 286 
423 311 
440 319 
455 322 
475 321 
487 322 
